Extracting Lobster Data from: https://www.maine.gov/dmr/fisheries/commercial/landings-data

Extracting Extreme weather Data from: https://www.ncei.noaa.gov/access/monitoring/cei/ 

target variable
[23.368719, 28.068238, 30.788646, 26.830448, 29.926464, 38.948867, 37.208324, 36.083443, 47.023271, 47.036836, 53.494418, 57.215406, 48.617693, 63.625745, 54.970948, 71.574244, 68.729861, 75.345827, 63.975958, 69.908504, 81.174638, 96.208772, 104.924728, 127.321422, 127.808436, 124.325923, 122.663393, 132.604691, 112.101211, 121.039988, 102.220639]

Extracting Sea Surface temperature Data from: https://www.maine.gov/dmr/science/weather-tides/boothbay-harbor-environmental-data

Creating the Desgin matrix for the 31 observations
    ones     x1      x2      x3      x4
0      1  14.60   9.600   7.400  20.800
1      1  43.68   9.300   8.100  19.600
2      1  30.10   9.650   8.450  17.200
3      1  15.20   8.600   7.500  18.000
4      1   4.38   9.100   7.650  20.600
5      1   8.30   9.900   8.300  24.700
6      1   7.86  10.300   8.900  19.500
7      1  29.04   9.740   8.200  19.880
8      1   7.86   8.320   6.551  18.006
9      1  49.10   9.260   7.760  20.332
10     1  41.20  10.510   8.840  21.763
11     1  10.62  10.185   8.935  21.622
12     1  25.26  10.475   8.975  22.711
13     1  20.88  10.330   8.490  23.746
14     1  30.84  10.190   8.690  23.766
15     1  20.00  10.160   8.670  73.910
16     1  27.28  11.840  10.040  23.457
17     1  71.80  12.590  11.800  28.948
18     1  10.24  11.240   6.371  38.640
19     1  24.70  11.480   7.620  32.740
20     1  15.76  10.190   8.475  35.580
21     1  42.28   9.980   8.390  25.592
22     1  70.32  10.520   8.480  22.956
23     1  50.72  10.370   8.645  23.227
24     1  18.74  10.165   8.570  22.618
25     1  12.66  10.565   8.645  24.849
26     1  18.88   9.760   6.304  27.958
27     1  42.52  10.420   9.260  21.433
28     1  38.06  10.150   8.710  19.596
29     1  39.66  11.130   9.540  23.191
30     1  41.36  10.350   8.500  22.499

Calculating parameter estimates
[-51.69530843   0.62361141  15.08815022  -6.38130378   0.21430962]

Predicting Lobster Landings
0      59.491652
1      68.375743
2      62.440153
3      43.539472
4      43.936081
5      55.181980
6      55.999659
7      65.306734
8      40.794625
9      73.478709
10     80.827235
11     56.217108
12     69.700474
13     68.098017
14     70.924871
15     74.586246
16     84.919280
17    113.944252
18     91.906918
19     95.310820
20     65.424645
21     77.196194
22    101.690622
23     86.209778
24     63.521698
25     65.764928
26     73.102751
27     77.541599
28     73.802522
29     85.060648
30     80.840284
dtype: float64

Calculating residuals
0    -36.122933
1    -40.307505
2    -31.651507
3    -16.709024
4    -14.009617
5    -16.233113
6    -18.791335
7    -29.223291
8      6.228646
9    -26.441873
10   -27.332817
11     0.998298
12   -21.082781
13    -4.472272
14   -15.953923
15    -3.012002
16   -16.189419
17   -38.598425
18   -27.930960
19   -25.402316
20    15.749993
21    19.012578
22     3.234106
23    41.111644
24    64.286738
25    58.560995
26    49.560642
27    55.063092
28    38.298689
29    35.979340
30    21.380355
dtype: float64

Verifying Orthogonality
ones    4.885692e-11
x1      1.324679e-09
x2      5.037464e-10
x3      3.993819e-10
x4      1.253284e-09
dtype: float64

Calculating sigma squared estimates
1147.9968875701172

Calculating z scores
[-0.67761635  1.50577554  1.52128926 -0.76093487  0.33168843]

Calculating total variability in target variable
1226.9104176059045

Calculating Explained variability
0.18907638111384684

predicting using the naive model

Restricting coefficients for all predictors
[-51.69530843   0.           0.           0.           0.        ]

Predicting Naive Lobster Landings
0    -51.695308
1    -51.695308
2    -51.695308
3    -51.695308
4    -51.695308
5    -51.695308
6    -51.695308
7    -51.695308
8    -51.695308
9    -51.695308
10   -51.695308
11   -51.695308
12   -51.695308
13   -51.695308
14   -51.695308
15   -51.695308
16   -51.695308
17   -51.695308
18   -51.695308
19   -51.695308
20   -51.695308
21   -51.695308
22   -51.695308
23   -51.695308
24   -51.695308
25   -51.695308
26   -51.695308
27   -51.695308
28   -51.695308
29   -51.695308
30   -51.695308
dtype: float64

Calculating residuals
0      75.064027
1      79.763546
2      82.483954
3      78.525756
4      81.621772
5      90.644175
6      88.903632
7      87.778751
8      98.718579
9      98.732144
10    105.189726
11    108.910714
12    100.313001
13    115.321053
14    106.666256
15    123.269552
16    120.425169
17    127.041135
18    115.671266
19    121.603812
20    132.869946
21    147.904080
22    156.620036
23    179.016730
24    179.503744
25    176.021231
26    174.358701
27    184.299999
28    163.796519
29    172.735296
30    153.915947
dtype: float64

Verifying Orthogonality
ones      3827.690262
x1      115631.908477
x2       39416.393924
x3       32429.311624
x4       97604.149442
dtype: float64

Performing F test
104.70543845588843
